#seed=25 for mt19937_64 Generator is used
#ix   iy   Theta(x,y)    Phi(x,y)      Moment_Size(x,y)
0              0        3.12232        4.60492              1
1              0       0.360688       0.440602              1
2              0        2.35729        3.25448              1
3              0        2.62346      0.0369164              1
4              0        2.02571        1.88882              1
5              0        1.89443        2.46324              1
6              0        1.72904          1.692              1
7              0       0.871924       0.351915              1
0              1        2.17084        4.09904              1
1              1        1.21884       0.400852              1
2              1        1.70304        1.50719              1
3              1        3.04185        1.63966              1
4              1        2.79773        3.64698              1
5              1         1.0245        5.34487              1
6              1        1.18672        2.12762              1
7              1      0.0639501       0.749614              1
0              2         1.7175        2.35546              1
1              2        2.14214        4.52059              1
2              2       0.330999        4.86566              1
3              2          1.451       0.397363              1
4              2        2.65627        4.21787              1
5              2        1.05426        2.42621              1
6              2       0.463867        5.80526              1
7              2       0.482926        4.00204              1
0              3        1.95695        2.00159              1
1              3        1.55211        3.01706              1
2              3        2.73456        2.36305              1
3              3        1.62688       0.712307              1
4              3        2.63422        1.46827              1
5              3        2.13093        4.93994              1
6              3        1.19194        3.36238              1
7              3          1.433       0.172262              1
0              4       0.565974         4.5297              1
1              4        2.63333        5.91645              1
2              4        1.51167          1.823              1
3              4        2.53558        3.56836              1
4              4        1.41008        0.30461              1
5              4        0.69839        4.24393              1
6              4       0.724065        2.65348              1
7              4       0.483192        3.54853              1
0              5       0.453857         3.8183              1
1              5      0.0726601        1.06962              1
2              5        1.84556        3.27616              1
3              5         2.7093        6.02624              1
4              5        1.14033        2.76125              1
5              5        2.54304        3.70509              1
6              5       0.638345        1.10032              1
7              5         2.8523        3.55678              1
0              6        0.18621        2.31077              1
1              6        1.59901         2.0809              1
2              6        0.87551        4.56888              1
3              6        2.60447       0.728481              1
4              6        1.85827         3.8495              1
5              6       0.501517        6.05641              1
6              6        1.97623         2.4479              1
7              6        3.07807        4.64945              1
0              7       0.157547      0.0996886              1
1              7        2.00188        1.15767              1
2              7        2.57579        2.44633              1
3              7        2.02831        3.75833              1
4              7        2.32083        5.93092              1
5              7       0.381397        5.68361              1
6              7        2.87474        2.35886              1
7              7        2.70574        6.21165              1
